0 0.17472302913665771 0.40374842286109924 0.22148676216602325 0.17649543285369873 0.954646110534668
0 0.5588793158531189 0.39530670642852783 0.120217464864254 0.12054828554391861 0.9326306581497192
0 0.3419979214668274 0.4092722237110138 0.13805854320526123 0.14139340817928314 0.9364117980003357
0 0.7689269185066223 0.3914661109447479 0.07796268910169601 0.09061608463525772 0.9091759324073792
0 0.6933696866035461 0.39302659034729004 0.09342360496520996 0.10034297406673431 0.9092020392417908
0 0.9639450907707214 0.3793874680995941 0.07290630787611008 0.0754924789071083 0.9141746163368225
0 0.8909682631492615 0.3825318515300751 0.07904529571533203 0.0824795737862587 0.9079589247703552
0 0.4519507586956024 0.40391218662261963 0.12579408288002014 0.12430216372013092 0.9313851594924927
0 0.0210531335324049 0.4093236029148102 0.04211077466607094 0.12108266353607178 0.6866657137870789
999 0.6414031982421875 0.5574507713317871 0.1481056660413742 0.42515936493873596 0.9066545367240906
